Machin Code:
000001001010 1110000001000111 A:=[000001000111]
000001001011 0011000001001000 A:+A - [000001001000] - C
000001001100 1011000001001110 IF Z=0 THEN PC:=[000001001110]
000001001101 0000000001100101 PC:=000001100101
000001001111 1010000001100101 IF C=1 THEN PC:=[000001100101]
000001010000 0000000001010001 PC:=000001010001
000001010010 1110000001000000 A:=[000001000000]
000001010011 0001000001000001 A=:A+[000001000001]
000001010100 1111000001000010 [000001000010]:=A
000001010101 1110000001000001 A:=[000001000001]
000001010110 1111000001000000 [000001000000]:=A
000001010111 1110000001000010 A:=[000001000010]
000001011000 1111000001000001 [000001000001]:=A
000001011001 1110000001000100 A:=[000001000100]
000001011010 0001000001000001 A=:A+[000001000001]
000001011011 1111000001000100 [000001000100]:=A
000001011100 1110000001000011 A:=[000001000011]
000001011101 0001000001000101 A=:A+[000001000101]
000001011110 1111000001000011 [000001000011]:=A
000001011111 1110000001000111 A:=[000001000111]
000001100000 0011000001000011 A:+A - [000001000011] - C
000001100001 1011000001010001 IF Z=0 THEN PC:=[000001010001]
000001100010 1110000001000100 A:=[000001000100]
000001100011 0101000000000000 T:=A
000001100100 1110000001000010 A:=[000001000010]
Variable Date:
000001001110 checkNegativ
000001010001 loop
000001100101 END
000001000000 A
000001000001 B
000001000010 temp
000001000011 index
000001000100 sum
000001000101 value1
000001000110 value0
000001000111 maxIndex
000001001000 value2
000001001001 START
000001100110 FINISH
memory Date:
000001001110 0000000001001110
000001010001 0000000001010001
000001100101 0000000001100101
000001000000 0000000000000001
000001000001 0000000000000001
000001000010 0000000000000000
000001000011 0000000000000010
000001000100 0000000000000010
000001000101 0000000000000001
000001000110 0000000000000000
000001000111 0000000000001010
000001001000 0000000000000010
000001001001 0000000001001001
000001001010 1110000001000111
000001001011 0011000001001000
000001001100 1011000001001110
000001001101 0000000001100101
000001001111 1010000001100101
000001010000 0000000001010001
000001010010 1110000001000000
000001010011 0001000001000001
000001010100 1111000001000010
000001010101 1110000001000001
000001010110 1111000001000000
000001010111 1110000001000010
000001011000 1111000001000001
000001011001 1110000001000100
000001011010 0001000001000001
000001011011 1111000001000100
000001011100 1110000001000011
000001011101 0001000001000101
000001011110 1111000001000011
000001011111 1110000001000111
000001100000 0011000001000011
000001100001 1011000001010001
000001100010 1110000001000100
000001100011 0101000000000000
000001100100 1110000001000010
000001100110 0000000001100110
